zoeHMM S.bicolor 6 8 6 7

<STATES>

Einit	0	0	3	-1	explicit
Esngl	0	0	150	-1	explicit
Eterm	0	0	3	-1	explicit
Exon	0	0	6	-1	explicit
Inter	0.9	0.9	0	0	geometric
Intron	0.1	0.1	0	0	geometric

<STATE_TRANSITIONS>

Einit	Intron	1
Esngl	Inter	1
Eterm	Inter	1
Exon	Intron	1
Inter	Einit	0.723027
Inter	Esngl	0.276973
Intron	Eterm	0.249444
Intron	Exon	0.750556

<PHASE_PREFERENCES>

0.409800
0.320713
0.269488
0.711615
0.128171
0.160214
0.641447
0.200658
0.157895
0.577181
0.224832
0.197987
0.727760
0.272240
0.756696
0.243304
0.794749
0.205251

<STATE_DURATIONS>

Einit 2
	DEFINED 0 249
		-9.449 -9.373 -9.302 -9.233 -9.168 
		-9.105 -9.045 -8.988 -8.932 -8.879 
		-8.828 -8.824 -8.820 -8.817 -8.813 
		-8.810 -8.806 -8.803 -8.799 -8.795 
		-8.792 -8.771 -8.750 -8.730 -8.710 
		-8.690 -8.671 -8.651 -8.632 -8.613 
		-8.595 -8.553 -8.511 -8.471 -8.433 
		-8.395 -8.358 -8.322 -8.287 -8.252 
		-8.219 -8.205 -8.191 -8.177 -8.163 
		-8.150 -8.136 -8.123 -8.109 -8.096 
		-8.083 -8.092 -8.101 -8.109 -8.118 
		-8.127 -8.136 -8.145 -8.154 -8.163 
		-8.172 -8.163 -8.154 -8.145 -8.136 
		-8.127 -8.118 -8.109 -8.101 -8.092 
		-8.083 -8.114 -8.145 -8.177 -8.209 
		-8.243 -8.277 -8.312 -8.347 -8.384 
		-8.422 -8.438 -8.455 -8.471 -8.488 
		-8.506 -8.523 -8.541 -8.559 -8.577 
		-8.595 -8.589 -8.583 -8.577 -8.571 
		-8.565 -8.559 -8.553 -8.547 -8.541 
		-8.535 -8.529 -8.523 -8.517 -8.511 
		-8.506 -8.500 -8.494 -8.488 -8.483 
		-8.477 -8.488 -8.500 -8.511 -8.523 
		-8.535 -8.547 -8.559 -8.571 -8.583 
		-8.595 -8.592 -8.589 -8.586 -8.583 
		-8.580 -8.577 -8.574 -8.571 -8.568 
		-8.565 -8.565 -8.565 -8.565 -8.565 
		-8.565 -8.565 -8.565 -8.565 -8.565 
		-8.565 -8.532 -8.500 -8.469 -8.438 
		-8.408 -8.379 -8.350 -8.322 -8.294 
		-8.267 -8.264 -8.262 -8.260 -8.257 
		-8.255 -8.252 -8.250 -8.247 -8.245 
		-8.243 -8.264 -8.287 -8.309 -8.332 
		-8.355 -8.379 -8.403 -8.427 -8.452 
		-8.477 -8.474 -8.471 -8.469 -8.466 
		-8.463 -8.460 -8.457 -8.455 -8.452 
		-8.449 -8.491 -8.535 -8.580 -8.626 
		-8.674 -8.723 -8.774 -8.828 -8.883 
		-8.940 -8.952 -8.964 -8.976 -8.988 
		-9.000 -9.012 -9.024 -9.037 -9.049 
		-9.062 -9.096 -9.132 -9.168 -9.205 
		-9.243 -9.282 -9.322 -9.363 -9.405 
		-9.449 -9.466 -9.483 -9.500 -9.517 
		-9.535 -9.553 -9.571 -9.589 -9.607 
		-9.626 -9.626 -9.626 -9.626 -9.626 
		-9.626 -9.626 -9.626 -9.626 -9.626 
		-9.626 -9.632 -9.639 -9.645 -9.651 
		-9.658 -9.664 -9.671 -9.677 -9.684 
		-9.690 -9.671 -9.651 -9.632 -9.613 
		-9.595 -9.577 -9.559 -9.541 -9.523 
	GEOMETRIC 250 -1
		291

Esngl 1
	GEOMETRIC 0 -1
		1000

Eterm 2
	DEFINED 0 249
		-8.450 -8.397 -8.346 -8.297 -8.249 
		-8.203 -8.159 -8.115 -8.073 -8.032 
		-7.993 -7.993 -7.993 -7.993 -7.993 
		-7.993 -7.993 -7.993 -7.993 -7.993 
		-7.993 -8.003 -8.014 -8.024 -8.035 
		-8.045 -8.056 -8.067 -8.078 -8.089 
		-8.100 -8.124 -8.149 -8.175 -8.201 
		-8.227 -8.254 -8.282 -8.310 -8.338 
		-8.367 -8.416 -8.467 -8.519 -8.574 
		-8.630 -8.689 -8.750 -8.815 -8.882 
		-8.952 -8.952 -8.952 -8.952 -8.952 
		-8.952 -8.952 -8.952 -8.952 -8.952 
		-8.952 -8.920 -8.889 -8.859 -8.829 
		-8.800 -8.772 -8.744 -8.716 -8.689 
		-8.663 -8.608 -8.555 -8.504 -8.455 
		-8.408 -8.362 -8.317 -8.274 -8.232 
		-8.191 -8.173 -8.154 -8.136 -8.118 
		-8.100 -8.082 -8.065 -8.047 -8.030 
		-8.014 -8.007 -8.001 -7.995 -7.989 
		-7.983 -7.976 -7.970 -7.964 -7.958 
		-7.952 -7.944 -7.936 -7.928 -7.920 
		-7.913 -7.905 -7.897 -7.889 -7.882 
		-7.874 -7.895 -7.917 -7.938 -7.960 
		-7.983 -8.005 -8.028 -8.052 -8.075 
		-8.100 -8.109 -8.118 -8.127 -8.136 
		-8.145 -8.154 -8.163 -8.173 -8.182 
		-8.191 -8.182 -8.173 -8.163 -8.154 
		-8.145 -8.136 -8.127 -8.118 -8.109 
		-8.100 -8.113 -8.127 -8.140 -8.154 
		-8.168 -8.182 -8.196 -8.210 -8.225 
		-8.239 -8.272 -8.304 -8.338 -8.373 
		-8.408 -8.444 -8.481 -8.519 -8.558 
		-8.598 -8.608 -8.617 -8.627 -8.637 
		-8.646 -8.656 -8.666 -8.676 -8.686 
		-8.696 -8.709 -8.723 -8.737 -8.750 
		-8.765 -8.779 -8.793 -8.807 -8.822 
		-8.837 -8.867 -8.897 -8.928 -8.960 
		-8.993 -9.026 -9.060 -9.095 -9.131 
		-9.168 -9.159 -9.149 -9.140 -9.131 
		-9.122 -9.113 -9.104 -9.095 -9.086 
		-9.078 -9.069 -9.060 -9.052 -9.043 
		-9.035 -9.026 -9.018 -9.009 -9.001 
		-8.993 -9.035 -9.078 -9.122 -9.168 
		-9.215 -9.264 -9.315 -9.367 -9.422 
		-9.478 -9.496 -9.513 -9.531 -9.549 
		-9.567 -9.586 -9.605 -9.624 -9.643 
		-9.663 -9.656 -9.650 -9.643 -9.637 
		-9.630 -9.624 -9.617 -9.611 -9.605 
		-9.598 -9.643 -9.689 -9.737 -9.786 
		-9.837 -9.889 -9.944 -10.001 -10.060 
	GEOMETRIC 250 -1
		245

Exon 2
	DEFINED 0 249
		-11.940 -11.703 -11.499 -11.321 -11.162 
		-11.019 -10.889 -10.770 -10.660 -10.558 
		-10.462 -10.272 -10.103 -9.953 -9.817 
		-9.692 -9.577 -9.471 -9.372 -9.280 
		-9.193 -9.106 -9.025 -8.948 -8.875 
		-8.805 -8.738 -8.675 -8.614 -8.556 
		-8.499 -8.442 -8.386 -8.333 -8.281 
		-8.232 -8.184 -8.137 -8.092 -8.048 
		-8.006 -7.941 -7.879 -7.820 -7.763 
		-7.708 -7.656 -7.605 -7.556 -7.508 
		-7.462 -7.434 -7.407 -7.380 -7.353 
		-7.327 -7.302 -7.277 -7.252 -7.228 
		-7.204 -7.191 -7.177 -7.164 -7.151 
		-7.138 -7.125 -7.113 -7.100 -7.087 
		-7.075 -7.065 -7.055 -7.046 -7.036 
		-7.026 -7.017 -7.007 -6.998 -6.988 
		-6.979 -7.002 -7.026 -7.049 -7.074 
		-7.098 -7.123 -7.149 -7.174 -7.201 
		-7.228 -7.249 -7.270 -7.292 -7.314 
		-7.336 -7.358 -7.381 -7.405 -7.429 
		-7.453 -7.477 -7.501 -7.526 -7.552 
		-7.577 -7.604 -7.630 -7.658 -7.686 
		-7.714 -7.745 -7.777 -7.810 -7.843 
		-7.877 -7.912 -7.948 -7.984 -8.022 
		-8.061 -8.081 -8.102 -8.123 -8.144 
		-8.166 -8.188 -8.211 -8.233 -8.256 
		-8.280 -8.288 -8.296 -8.304 -8.313 
		-8.321 -8.329 -8.338 -8.346 -8.355 
		-8.364 -8.393 -8.424 -8.455 -8.486 
		-8.519 -8.552 -8.585 -8.620 -8.656 
		-8.692 -8.699 -8.705 -8.712 -8.718 
		-8.725 -8.732 -8.738 -8.745 -8.752 
		-8.759 -8.743 -8.727 -8.712 -8.696 
		-8.681 -8.666 -8.651 -8.637 -8.622 
		-8.608 -8.607 -8.606 -8.605 -8.604 
		-8.603 -8.602 -8.601 -8.600 -8.599 
		-8.598 -8.618 -8.639 -8.660 -8.681 
		-8.703 -8.725 -8.747 -8.770 -8.793 
		-8.817 -8.836 -8.855 -8.875 -8.894 
		-8.914 -8.935 -8.956 -8.977 -8.998 
		-9.019 -9.055 -9.092 -9.130 -9.168 
		-9.208 -9.249 -9.291 -9.335 -9.379 
		-9.425 -9.477 -9.530 -9.585 -9.643 
		-9.703 -9.765 -9.831 -9.899 -9.971 
		-10.047 -10.058 -10.069 -10.081 -10.092 
		-10.103 -10.115 -10.127 -10.139 -10.150 
		-10.162 -10.139 -10.115 -10.092 -10.069 
		-10.047 -10.025 -10.003 -9.982 -9.961 
		-9.940 -9.932 -9.925 -9.917 -9.909 
		-9.902 -9.894 -9.887 -9.879 -9.872 
	GEOMETRIC 250 -1
		185

Inter 1
	GEOMETRIC 0 -1
		500

Intron 1
	GEOMETRIC 0 -1
		536

<SEQUENCE_MODELS>

Acceptor SDT 2 1 4 2 0.000
	AG WMM 30 26 4 0 0.000
		-0.055	-0.325	-0.321	0.525	
		0.035	-0.225	-0.714	0.595	
		-0.032	-0.184	-0.513	0.527	
		0.149	-0.191	-0.667	0.471	
		-0.072	-0.301	-0.477	0.603	
		-0.059	-0.195	-0.546	0.567	
		0.041	-0.309	-0.468	0.527	
		-0.103	-0.293	-0.438	0.599	
		-0.148	-0.113	-0.455	0.530	
		-0.213	-0.341	-0.495	0.712	
		-0.162	-0.293	-0.735	0.757	
		-0.349	-0.225	-0.574	0.755	
		-0.412	-0.138	-0.574	0.738	
		-0.459	-0.286	-0.446	0.781	
		-0.569	-0.228	-0.536	0.832	
		-0.391	-0.395	-0.560	0.845	
		-0.555	-0.232	-0.693	0.885	
		-0.513	-0.243	-0.622	0.848	
		-0.637	-0.210	-0.345	0.766	
		-0.293	-0.282	-0.416	0.687	
		-0.477	-0.188	-0.473	0.749	
		-0.442	-0.221	-0.724	0.847	
		-1.042	-0.756	-1.278	1.328	
		-0.290	-0.811	0.787	-0.173	
		-1.934	1.447	-3.647	-0.103	
		1.998	-8.817	-8.817	-8.817	
		-8.817	-8.817	1.998	-8.817	
		-0.092	-0.608	0.902	-0.898	
		-0.069	-0.378	-0.247	0.521	
		0.019	-0.079	0.022	0.035	
	NN TRM 0 0 0 0 0.000

Coding CDS 3 2 4 3 0.000
	frame0 LUT 5 4 4 0 0.000
		-0.421	-0.542	0.520	0.180	
		0.566	-0.241	-1.765	0.464	
		0.208	0.161	0.149	-0.692	
		-0.459	-0.143	0.396	0.072	
		1.116	-1.399	0.066	-1.297	
		0.608	-0.121	-0.850	0.003	
		-0.242	0.044	0.283	-0.140	
		0.066	-0.274	-0.155	0.296	
		0.257	-0.442	0.185	-0.101	
		0.327	-0.217	-0.909	0.435	
		0.062	0.055	0.031	-0.159	
		-0.501	-0.530	0.298	0.455	
		.	0.962	.	1.037	
		0.010	0.365	-1.105	0.310	
		.	0.104	0.888	0.104	
		-0.844	-0.196	0.499	0.209	
		-0.789	0.184	0.653	-0.487	
		-0.509	0.746	-0.137	-0.492	
		-0.414	0.536	0.236	-0.685	
		-1.164	0.530	0.516	-0.557	
		-0.490	0.179	0.626	-0.708	
		-0.066	-0.297	0.241	0.069	
		-1.159	0.661	0.296	-0.428	
		-1.822	0.800	0.457	-0.728	
		-1.464	0.771	0.589	-1.229	
		-1.235	0.913	0.363	-1.301	
		-1.676	1.262	-0.393	-0.922	
		-1.817	0.815	0.600	-1.181	
		.	1.533	.	0.144	
		-0.580	0.692	-0.068	-0.393	
		.	0.810	0.621	-0.496	
		-2.162	0.852	0.418	-0.656	
		-0.333	-0.234	0.935	-1.172	
		-0.083	0.261	0.236	-0.557	
		-0.542	0.497	0.446	-0.892	
		-0.781	0.493	0.323	-0.397	
		-0.217	-0.374	0.937	-1.142	
		0.129	-0.149	0.176	-0.193	
		-0.854	0.600	0.400	-0.711	
		-1.262	0.418	0.617	-0.488	
		-0.530	-0.097	0.744	-0.519	
		-0.369	0.323	0.217	-0.300	
		-0.225	0.730	-0.253	-0.628	
		-1.188	0.404	0.591	-0.451	
		.	1.519	.	0.182	
		-0.033	0.086	0.037	-0.096	
		.	0.683	0.825	-0.683	
		-1.334	0.851	-0.145	-0.160	
		-0.160	-0.250	0.222	0.135	
		0.576	0.098	-1.085	-0.047	
		-0.392	0.340	0.164	-0.232	
		-0.935	-0.382	0.674	0.155	
		0.281	-0.711	0.281	-0.060	
		0.613	-0.818	-0.646	0.338	
		-0.303	-0.215	0.211	0.227	
		-0.597	-0.113	0.222	0.319	
		-0.153	-0.441	0.235	0.247	
		0.308	-0.236	-1.225	0.571	
		0.117	0.329	-0.614	0.010	
		-1.121	-0.128	0.455	0.326	
		.	0.722	.	1.233	
		0.278	-0.409	-0.818	0.553	
		.	0.457	0.533	0.240	
		-0.761	-0.099	0.492	0.097	
		-0.081	-0.493	0.381	0.059	
		-0.040	-0.023	-0.467	0.400	
		-0.013	-0.110	0.194	-0.092	
		-0.536	-0.211	0.545	-0.018	
		0.119	-0.797	0.620	-0.320	
		0.510	-0.665	-0.121	0.036	
		-0.416	0.408	0.430	-0.793	
		-0.920	-0.110	0.369	0.326	
		0.122	-0.492	0.479	-0.309	
		0.487	-0.065	-0.626	-0.008	
		0.050	0.218	0.119	-0.483	
		-1.377	-0.202	0.704	0.160	
		.	1.360	.	0.519	
		0.271	-0.114	-0.561	0.253	
		.	0.489	0.888	-0.423	
		-1.009	0.459	0.081	0.099	
		-1.083	0.108	1.016	-1.224	
		-0.932	0.758	-0.020	-0.326	
		-0.746	0.753	0.028	-0.516	
		-1.800	0.643	0.618	-0.698	
		-0.166	0.364	0.288	-0.735	
		-0.106	0.218	0.010	-0.151	
		-1.003	0.633	0.444	-0.762	
		-1.600	0.455	0.587	-0.327	
		-1.883	0.993	0.389	-1.218	
		-1.303	1.095	0.119	-1.424	
		-1.305	1.150	-0.219	-0.951	
		-1.962	0.937	0.508	-1.296	
		.	1.717	.	-0.488	
		-0.773	0.828	-0.030	-0.598	
		.	0.997	0.442	-0.630	
		-2.117	0.961	0.238	-0.637	
		-0.678	0.159	0.794	-0.930	
		-0.827	0.071	0.943	-1.111	
		-0.858	0.587	0.630	-1.327	
		-1.840	0.358	0.905	-0.819	
		-1.611	0.551	0.935	-1.756	
		-0.823	-0.296	1.149	-1.314	
		-1.524	0.881	0.365	-0.939	
		-2.294	0.653	0.834	-1.184	
		-1.590	0.282	0.995	-1.122	
		-1.271	0.145	0.989	-1.016	
		-0.960	0.688	0.503	-1.128	
		-2.402	-0.176	1.366	-1.524	
		.	1.881	.	-1.657	
		-0.951	-0.060	1.055	-1.164	
		.	0.963	0.754	-1.459	
		-2.187	1.420	-0.558	-1.233	
		-0.288	-0.304	0.092	0.384	
		0.170	0.248	-1.356	0.375	
		-0.024	0.401	-0.329	-0.153	
		-1.047	-0.035	0.152	0.515	
		-0.399	-0.432	0.590	-0.008	
		0.418	-0.639	-0.795	0.531	
		-0.049	0.100	-0.107	0.048	
		-1.294	-0.408	0.502	0.508	
		-0.077	-0.428	0.284	0.125	
		-0.006	0.015	-1.058	0.598	
		-0.032	0.021	-0.355	0.293	
		-0.873	-0.105	0.432	0.233	
		.	1.016	.	0.984	
		0.186	0.332	-0.926	0.107	
		.	-0.031	0.812	0.340	
		-1.108	0.065	0.609	-0.051	
		0.171	-0.604	0.451	-0.237	
		0.458	0.033	-0.711	-0.011	
		-0.122	0.043	0.167	-0.108	
		-0.436	-0.147	0.432	0.013	
		-0.141	0.058	0.371	-0.399	
		0.739	-0.758	-0.064	-0.354	
		-0.154	0.366	0.149	-0.506	
		-0.232	-0.077	0.325	-0.077	
		-0.177	-0.335	0.415	-0.016	
		0.318	-0.153	-0.738	0.327	
		0.214	0.354	-0.116	-0.646	
		-0.664	-0.580	0.550	0.306	
		.	1.000	.	1.000	
		0.110	0.062	-0.369	0.141	
		.	0.222	1.000	-0.263	
		-1.403	0.542	-0.072	0.281	
		-0.710	0.263	0.719	-0.881	
		-0.259	0.614	-0.015	-0.635	
		-1.150	0.986	0.031	-0.872	
		-1.947	0.803	0.375	-0.516	
		-0.983	0.358	0.523	-0.367	
		-0.737	0.413	0.225	-0.152	
		-1.595	0.812	0.385	-0.719	
		-1.688	0.794	0.391	-0.635	
		-1.365	0.618	0.686	-1.094	
		-1.082	0.793	0.373	-1.001	
		-1.667	1.301	-0.412	-1.092	
		-2.350	0.851	0.663	-1.264	
		.	1.528	.	0.159	
		-0.320	0.639	-0.020	-0.609	
		.	0.876	0.471	-0.361	
		-1.702	1.015	-0.204	-0.316	
		-0.441	0.223	0.705	-1.101	
		-0.148	-0.011	0.346	-0.261	
		-0.484	0.557	0.490	-1.291	
		-1.002	0.180	0.803	-0.683	
		-0.324	-0.028	0.681	-0.696	
		-0.339	0.089	0.482	-0.417	
		-1.348	0.459	0.559	-0.397	
		-1.366	0.491	0.556	-0.440	
		-0.985	0.141	0.714	-0.411	
		-0.394	-0.072	0.591	-0.355	
		-0.123	0.724	-0.322	-0.667	
		-1.583	-0.088	0.926	-0.277	
		.	1.455	.	0.332	
		-0.080	0.174	0.207	-0.373	
		.	0.756	0.763	-0.704	
		-1.628	0.948	0.023	-0.451	
		0.120	-0.073	-0.050	-0.005	
		0.399	-0.219	-1.322	0.508	
		-0.395	0.648	-0.454	-0.085	
		-0.675	-0.090	0.223	0.341	
		0.193	-0.933	0.590	-0.271	
		0.403	-0.176	-0.961	0.355	
		-0.401	0.222	-0.344	0.365	
		-0.410	-0.047	0.255	0.119	
		-0.061	-0.149	0.180	0.009	
		-0.176	0.291	-1.019	0.483	
		0.082	0.358	-0.715	0.071	
		-0.962	0.243	-0.243	0.545	
		.	0.724	.	1.231	
		0.204	0.029	-0.675	0.265	
		.	0.133	0.447	0.624	
		-0.727	0.196	0.346	-0.030	
		-0.071	-0.345	0.337	-0.003	
		0.443	0.392	-1.541	-0.023	
		0.371	-0.649	0.271	-0.214	
		-0.477	0.350	-0.423	0.335	
		0.485	-0.673	0.358	-0.533	
		1.052	-1.224	-0.717	-0.168	
		-0.644	0.356	0.427	-0.442	
		-0.433	-0.285	0.231	0.339	
		-0.242	-0.709	0.557	0.101	
		-0.148	0.309	-0.922	0.412	
		0.159	0.141	-0.005	-0.351	
		-1.496	-0.304	0.410	0.591	
		.	0.807	.	1.170	
		0.287	0.040	-1.610	0.510	
		.	0.314	0.947	-0.271	
		-0.857	0.038	-0.182	0.623	
		-0.844	0.212	0.811	-0.917	
		-0.724	0.892	-0.160	-0.634	
		-0.755	0.506	0.104	-0.132	
		-1.274	0.723	0.279	-0.470	
		-0.446	0.148	0.670	-0.819	
		-0.106	0.239	0.129	-0.327	
		-1.548	0.684	0.396	-0.443	
		-1.282	0.767	0.391	-0.796	
		-1.846	0.825	0.527	-0.974	
		-1.226	1.140	-0.147	-1.100	
		-1.319	1.296	-0.468	-1.250	
		-2.835	1.165	0.292	-1.347	
		.	1.555	.	0.085	
		-0.745	0.802	-0.361	-0.182	
		.	0.758	0.855	-0.998	
		-1.714	1.168	-0.462	-0.470	
		-0.614	0.178	0.781	-1.006	
		-0.091	0.036	0.320	-0.346	
		-0.351	0.340	0.475	-0.834	
		-0.952	0.277	0.664	-0.542	
		0.259	-0.489	0.644	-0.922	
		0.185	-0.238	0.512	-0.764	
		-1.086	0.677	0.493	-0.934	
		-1.400	0.470	0.572	-0.415	
		-0.756	-0.068	0.803	-0.495	
		-0.395	0.040	0.415	-0.188	
		-0.121	0.496	-0.021	-0.548	
		-1.634	-0.076	1.027	-0.533	
		.	1.453	.	0.337	
		0.203	0.241	-0.064	-0.492	
		.	0.717	0.800	-0.700	
		-2.159	0.873	0.061	-0.151	
		-0.416	-0.237	0.275	0.253	
		0.250	-0.356	-1.778	0.797	
		-0.048	0.151	-0.179	0.055	
		-0.930	-0.233	-0.117	0.767	
		0.043	-0.713	0.749	-0.558	
		0.205	-0.542	-0.493	0.536	
		-0.058	-0.128	0.102	0.072	
		-1.297	0.053	0.175	0.513	
		-0.327	-0.336	0.161	0.371	
		0.147	-0.227	-0.878	0.580	
		0.199	-0.086	-0.380	0.191	
		-0.988	0.032	0.167	0.434	
		.	0.753	.	1.211	
		0.658	-0.296	-1.207	0.232	
		.	0.546	0.518	0.149	
		-0.426	0.164	0.164	0.021	
	frame2 LUT 5 4 4 0 0.000
		0.213	-0.292	0.300	-0.335	
		0.564	0.443	-0.413	-1.283	
		0.536	0.081	0.064	-1.161	
		0.008	-0.581	0.813	-0.813	
		0.330	-0.311	0.236	-0.398	
		0.503	-0.642	0.220	-0.365	
		-0.349	-0.098	0.634	-0.456	
		-0.239	-0.017	0.807	-1.266	
		0.587	-0.714	0.403	-0.820	
		0.681	-0.072	-0.768	-0.221	
		0.449	-0.058	0.078	-0.692	
		-0.284	-0.823	1.004	-0.718	
		0.262	-0.031	0.022	-0.309	
		0.702	0.044	-0.595	-0.555	
		0.050	-0.083	0.462	-0.636	
		-0.325	-0.295	0.869	-0.835	
		-0.750	1.006	-0.131	-1.046	
		0.341	0.469	-0.224	-1.021	
		-0.184	0.688	-0.256	-0.573	
		-1.046	0.045	0.914	-0.737	
		-0.058	-0.042	0.622	-0.918	
		0.637	-0.303	-0.084	-0.533	
		-0.462	0.572	0.527	-1.532	
		-0.709	0.058	0.709	-0.489	
		0.108	0.162	0.408	-1.069	
		0.300	0.284	-0.379	-0.355	
		0.282	0.312	-0.170	-0.614	
		-0.511	-0.132	0.904	-0.958	
		-0.361	0.558	0.537	-1.743	
		0.519	-0.230	-0.123	-0.329	
		0.039	-0.182	0.572	-0.726	
		-0.464	-0.438	1.052	-1.111	
		0.322	-0.774	0.657	-0.764	
		0.567	-0.427	0.086	-0.487	
		0.184	-0.136	0.572	-1.094	
		-0.401	-0.375	0.882	-0.671	
		0.097	-0.013	0.465	-0.839	
		0.604	-0.308	-0.035	-0.524	
		-0.272	0.274	0.432	-0.704	
		-0.475	-0.173	0.867	-0.811	
		0.351	-0.758	0.599	-0.694	
		0.415	-0.130	-0.190	-0.190	
		0.423	0.181	0.048	-1.023	
		-0.572	-0.675	0.813	-0.083	
		0.169	-0.468	0.169	0.040	
		0.480	0.008	-0.024	-0.698	
		0.402	-0.198	0.427	-1.115	
		-0.288	-0.381	0.729	-0.405	
		.	.	.	.	
		0.487	0.372	-0.790	-0.463	
		.	.	.	.	
		-0.755	-0.433	0.988	-0.548	
		0.399	-0.317	0.237	-0.515	
		0.727	-0.736	-0.698	0.173	
		0.171	-0.651	0.447	-0.194	
		-1.076	-0.066	0.826	-0.327	
		.	.	.	.	
		0.669	-0.015	-0.955	-0.144	
		0.541	0.086	-0.108	-0.849	
		-0.613	-0.484	0.927	-0.454	
		-0.328	-0.423	0.560	-0.025	
		0.657	-0.003	-0.511	-0.467	
		-0.078	0.003	0.426	-0.501	
		-0.992	-0.330	1.066	-0.719	
		-0.004	-0.467	0.596	-0.381	
		0.369	0.100	-0.037	-0.594	
		0.198	-0.187	0.482	-0.790	
		-0.496	-0.588	1.173	-1.428	
		0.276	-0.331	0.333	-0.446	
		0.345	-0.895	0.565	-0.488	
		-0.446	0.078	0.719	-0.825	
		-0.655	-0.518	1.051	-0.750	
		0.118	-0.488	0.528	-0.397	
		0.418	-0.207	0.165	-0.564	
		-0.011	0.127	0.438	-0.834	
		-0.711	0.016	0.738	-0.495	
		-0.142	-0.114	0.297	-0.087	
		0.227	-0.202	0.285	-0.431	
		-0.177	0.037	0.646	-0.931	
		-0.387	-0.310	0.976	-1.115	
		-0.386	0.145	0.679	-0.923	
		0.012	0.504	0.012	-0.825	
		0.218	0.245	0.198	-0.985	
		-0.917	-0.199	1.045	-0.898	
		-0.372	0.264	0.249	-0.255	
		0.257	-1.028	0.674	-0.476	
		-0.787	0.422	0.564	-0.731	
		-0.795	-0.031	0.940	-0.927	
		-0.131	-0.381	0.619	-0.354	
		-0.218	0.331	0.363	-0.746	
		0.046	0.185	0.223	-0.591	
		-0.905	0.106	1.003	-1.373	
		-0.329	0.231	0.374	-0.445	
		0.049	0.140	0.249	-0.565	
		-0.311	0.483	0.381	-1.019	
		-1.135	0.204	0.950	-1.117	
		-0.539	-0.292	0.771	-0.342	
		-0.245	-0.337	1.003	-1.475	
		-0.048	-0.030	0.538	-0.732	
		-0.936	-0.028	1.064	-1.299	
		-0.399	-0.005	0.694	-0.671	
		-0.164	-1.205	1.034	-0.674	
		-1.030	0.616	0.479	-0.776	
		-1.116	-0.402	1.164	-0.888	
		-0.402	-0.177	0.916	-1.084	
		-0.113	-0.500	0.934	-1.127	
		0.183	0.130	0.044	-0.434	
		-1.078	-0.658	1.292	-1.170	
		-0.730	0.091	0.592	-0.279	
		-0.275	-0.469	0.896	-0.761	
		-0.514	0.322	0.567	-0.816	
		-1.208	-0.315	1.220	-1.208	
		.	.	.	.	
		-0.073	-0.181	0.170	0.060	
		.	.	.	.	
		-0.947	-0.260	1.101	-0.997	
		0.161	-0.016	0.207	-0.438	
		0.178	-0.425	0.185	-0.019	
		-0.431	0.361	0.395	-0.600	
		-0.638	-0.223	0.854	-0.529	
		.	.	.	.	
		0.243	-0.216	0.188	-0.292	
		-0.149	0.000	0.346	-0.274	
		-1.439	-0.198	1.116	-0.756	
		-0.334	0.177	0.065	0.042	
		-0.054	0.150	0.039	-0.153	
		-0.258	0.317	0.407	-0.757	
		-1.082	-0.377	1.090	-0.672	
		0.154	-0.413	0.564	-0.605	
		0.368	0.192	-0.082	-0.684	
		0.303	0.097	0.319	-1.153	
		-0.226	-0.515	0.810	-0.530	
		0.283	-0.544	0.413	-0.384	
		0.600	-0.556	-0.053	-0.250	
		0.255	0.082	0.260	-0.858	
		-0.334	-0.478	0.864	-0.582	
		0.391	-1.035	0.720	-0.853	
		0.398	-0.125	-0.280	-0.086	
		0.418	-0.012	0.108	-0.750	
		-0.512	-0.534	0.826	-0.260	
		-0.040	-0.600	-0.015	0.463	
		0.521	-0.115	0.085	-0.785	
		0.180	0.128	0.393	-1.115	
		-0.762	0.056	0.833	-0.762	
		-0.613	0.842	0.147	-1.164	
		-0.071	0.366	0.263	-0.838	
		-0.510	0.682	0.250	-0.987	
		-0.692	-0.273	1.017	-0.919	
		-0.063	0.079	0.203	-0.260	
		0.446	-0.545	0.387	-0.633	
		-1.008	0.608	0.324	-0.460	
		-0.555	0.066	0.851	-1.093	
		-0.904	-0.081	0.605	0.000	
		-0.197	0.292	0.515	-1.074	
		-0.585	0.629	0.279	-0.803	
		-0.841	-0.196	0.940	-0.622	
		-0.099	0.012	0.524	-0.690	
		0.022	-0.010	0.317	-0.422	
		-0.522	0.508	0.311	-0.642	
		-1.084	0.067	1.049	-1.282	
		-0.065	-0.470	0.892	-1.098	
		0.340	-0.224	0.386	-0.809	
		0.094	0.102	0.470	-1.076	
		-0.448	-0.385	0.929	-0.742	
		0.221	-0.150	0.290	-0.493	
		0.371	-0.926	0.648	-0.706	
		-0.685	0.256	0.640	-0.677	
		-0.457	0.060	0.783	-0.975	
		-0.055	-0.287	0.497	-0.310	
		-0.048	-0.078	0.447	-0.471	
		0.329	-0.049	0.083	-0.477	
		-1.054	0.070	0.874	-0.652	
		-0.444	-0.444	0.910	-0.620	
		0.187	-0.381	0.503	-0.564	
		-0.158	-0.023	0.682	-0.959	
		-1.131	-0.180	1.076	-0.856	
		.	.	.	.	
		0.229	0.143	0.127	-0.663	
		.	.	.	.	
		-0.394	-0.524	1.113	-1.394	
		0.225	-0.364	0.505	-0.655	
		0.532	-0.393	-0.018	-0.312	
		-0.608	0.078	0.072	0.306	
		-0.576	-0.016	0.701	-0.486	
		.	.	.	.	
		-0.055	-0.078	0.006	0.119	
		0.038	0.342	0.254	-0.962	
		-0.929	-0.086	0.914	-0.624	
		-0.274	-0.308	0.366	0.107	
		0.014	0.301	0.054	-0.474	
		0.184	0.000	0.402	-0.880	
		-1.005	0.193	0.844	-0.826	
		0.174	-0.431	0.548	-0.581	
		0.315	0.607	-1.636	-0.134	
		0.310	-0.050	0.339	-0.916	
		-0.365	-0.226	0.767	-0.585	
		0.323	-0.400	0.240	-0.303	
		0.588	-0.642	-0.233	0.008	
		0.010	-0.165	0.581	-0.727	
		-0.072	-0.284	0.744	-0.855	
		0.209	-0.506	0.494	-0.452	
		0.847	-0.234	-0.717	-0.429	
		0.528	-0.222	-0.097	-0.384	
		-0.485	-0.147	0.541	-0.108	
		-0.129	-0.011	0.159	-0.034	
		0.452	-0.010	-0.416	-0.168	
		0.207	-0.344	0.579	-0.827	
		-0.535	-0.205	0.703	-0.297	
		0.346	-0.154	0.413	-1.002	
		0.101	0.446	-0.788	-0.019	
		-0.019	0.159	0.178	-0.386	
		-0.565	-0.020	0.746	-0.599	
		-0.131	-0.179	0.411	-0.195	
		0.654	0.024	-0.400	-0.616	
		-0.733	0.162	0.445	-0.123	
		-0.575	0.182	0.685	-0.770	
		0.170	-0.205	0.135	-0.138	
		-0.153	0.327	-0.172	-0.061	
		0.022	0.613	-0.183	-0.799	
		-0.966	0.079	0.824	-0.597	
		0.380	-0.301	0.445	-0.929	
		0.255	0.132	0.086	-0.623	
		0.031	0.307	0.202	-0.760	
		-0.654	-0.051	0.795	-0.590	
		-0.065	-0.368	0.763	-0.804	
		0.824	-0.188	-0.159	-1.131	
		0.273	0.115	0.370	-1.263	
		-0.506	-0.180	0.872	-0.778	
		-0.064	-0.447	0.424	-0.046	
		0.436	-0.195	0.074	-0.470	
		-0.235	0.168	0.634	-1.074	
		-0.567	-0.208	0.974	-1.014	
		0.172	-0.756	0.537	-0.268	
		0.456	-0.252	0.089	-0.464	
		0.253	-0.060	0.054	-0.302	
		-0.564	-0.810	1.090	-0.681	
		-0.070	-0.070	0.412	-0.388	
		0.466	0.049	-0.151	-0.548	
		0.157	-0.024	0.399	-0.779	
		-0.492	-0.182	0.956	-1.097	
		.	.	.	.	
		0.536	0.103	-0.696	-0.219	
		.	.	.	.	
		-0.341	0.131	0.716	-1.078	
		0.093	0.007	0.110	-0.235	
		0.276	-0.195	-0.262	0.114	
		-0.040	-0.209	0.133	0.092	
		-0.944	0.009	0.881	-0.663	
		.	.	.	.	
		0.230	0.110	-0.922	0.287	
		0.243	-0.106	0.144	-0.354	
		-0.553	-0.290	0.690	-0.174	
		-0.043	-0.103	0.286	-0.187	
		0.371	-0.067	-0.563	0.105	
		0.350	-0.138	0.295	-0.761	
		-0.191	-0.769	1.103	-1.364	
	frame2 LUT 5 4 4 0 0.000
		0.270	-0.357	0.017	0.002	
		0.347	0.294	-1.473	0.191	
		0.604	0.008	-0.330	-0.560	
		-0.796	0.264	0.099	0.204	
		0.462	-0.372	-0.629	0.267	
		0.102	0.610	-1.156	-0.072	
		0.522	-0.317	-0.025	-0.361	
		-0.717	0.099	-0.346	0.617	
		0.583	-0.813	-0.297	0.162	
		0.154	-0.222	-0.896	0.578	
		0.637	-0.007	-0.524	-0.408	
		-0.207	-0.028	-0.269	0.404	
		0.546	-0.528	-0.590	0.242	
		0.406	0.205	-1.402	0.194	
		0.318	0.230	-0.173	-0.527	
		-1.226	0.043	-0.679	0.939	
		0.237	0.036	-0.032	-0.288	
		0.000	0.041	-0.606	0.394	
		0.406	-0.007	-0.192	-0.315	
		-1.258	0.492	-0.343	0.472	
		0.414	-0.150	-0.639	0.169	
		-0.214	-0.200	-0.133	0.439	
		-0.110	0.010	0.039	0.056	
		-0.336	0.396	-0.661	0.332	
		-0.019	0.344	-0.167	-0.229	
		0.005	0.091	-0.845	0.459	
		0.173	0.629	-0.625	-0.560	
		-0.952	0.633	-0.759	0.424	
		0.010	0.289	-0.031	-0.335	
		-0.396	0.448	-0.794	0.378	
		0.133	0.127	-0.023	-0.274	
		-1.793	0.666	-0.144	0.286	
		0.589	-0.944	0.165	-0.227	
		0.177	-0.530	-0.262	0.425	
		0.654	-0.270	-0.159	-0.511	
		-0.857	0.527	-0.381	0.309	
		0.178	-0.144	-0.068	0.014	
		-0.183	-0.116	-0.386	0.517	
		0.187	0.246	-0.176	-0.339	
		-0.519	0.328	-0.380	0.355	
		0.505	-0.876	0.106	-0.060	
		0.193	-0.300	-0.457	0.397	
		0.636	-0.230	-0.387	-0.272	
		-0.302	-0.162	-0.422	0.631	
		0.071	-0.214	-0.005	0.126	
		0.971	-0.229	-1.269	-0.373	
		0.188	0.256	-0.055	-0.506	
		-1.009	0.239	-0.141	0.502	
		0.740	-0.648	-0.532	0.000	
		0.195	0.084	-1.053	0.393	
		0.557	0.120	-0.472	-0.472	
		-1.396	0.227	-0.454	0.782	
		0.402	-0.490	-0.183	0.119	
		0.196	0.022	-0.357	0.082	
		0.426	-0.059	-0.295	-0.181	
		-0.891	0.161	-0.154	0.530	
		0.466	-0.362	-0.349	0.078	
		0.373	-0.053	-1.116	0.356	
		0.595	0.207	-0.771	-0.417	
		-0.762	0.281	-0.537	0.591	
		-0.204	-0.247	-0.337	0.583	
		0.534	0.229	-1.092	-0.136	
		0.465	-0.364	0.007	-0.256	
		-1.241	0.250	-0.385	0.698	
		0.508	-0.518	-0.441	0.193	
		1.231	-0.752	-2.124	-0.270	
		0.620	-0.219	-0.164	-0.491	
		-1.493	0.285	-0.556	0.804	
		0.167	-0.216	-0.060	0.080	
		0.041	-0.281	-0.012	0.210	
		0.309	-0.010	0.242	-0.772	
		-0.697	-0.003	-0.016	0.482	
		0.501	-0.491	-0.248	0.044	
		0.820	-0.653	-1.197	0.216	
		0.383	0.190	-0.410	-0.318	
		-0.595	-0.199	-0.039	0.579	
		-0.029	-0.519	-0.010	0.410	
		0.009	-0.066	-0.570	0.448	
		0.279	-0.065	0.165	-0.495	
		-1.347	0.287	-0.138	0.564	
		0.712	-0.293	-0.205	-0.558	
		-0.190	0.702	-1.157	0.067	
		0.380	0.282	-0.722	-0.190	
		-1.639	0.596	-0.417	0.504	
		0.497	-0.542	-0.398	0.193	
		0.360	-0.189	-0.538	0.203	
		0.213	0.071	-0.102	-0.219	
		-0.423	0.229	-0.423	0.419	
		-0.430	0.372	0.212	-0.312	
		-0.773	0.782	-0.739	0.132	
		0.299	0.658	-0.806	-0.688	
		-1.358	0.635	-0.127	0.190	
		0.007	0.256	-0.295	-0.021	
		-0.027	0.563	-0.349	-0.403	
		0.366	0.081	-0.344	-0.209	
		-1.076	0.965	-0.780	-0.012	
		0.321	-0.216	-0.188	0.018	
		-0.146	0.006	0.525	-0.615	
		0.067	0.172	0.349	-0.857	
		-0.807	0.648	-0.404	0.145	
		0.459	-0.107	-0.335	-0.146	
		-0.074	-0.582	0.522	-0.081	
		-0.101	0.175	-0.045	-0.045	
		-0.824	0.277	0.092	0.211	
		-0.127	-0.330	0.020	0.350	
		-0.040	0.036	0.002	0.002	
		0.513	0.031	-0.529	-0.222	
		-1.244	0.317	0.317	0.120	
		0.091	0.246	-0.351	-0.052	
		-0.278	0.260	0.147	-0.201	
		0.229	-0.059	-0.309	0.085	
		-0.860	0.363	-0.257	0.408	
		0.115	-0.019	-0.151	0.042	
		0.497	0.310	-1.503	-0.007	
		0.224	0.394	-0.384	-0.412	
		-1.258	0.306	0.077	0.368	
		0.400	-0.390	-0.322	0.160	
		-0.012	-0.606	-0.232	0.584	
		0.089	0.343	-0.418	-0.121	
		-0.834	0.541	-0.294	0.224	
		0.394	-0.342	-0.149	-0.007	
		0.194	-0.030	-0.733	0.351	
		0.445	0.091	-0.656	-0.092	
		-0.722	0.389	-0.070	0.178	
		0.219	-0.315	-0.266	0.264	
		-0.062	0.299	-0.671	0.243	
		0.292	0.289	-0.399	-0.330	
		-1.592	0.791	-0.271	0.149	
		0.611	-0.352	-0.656	0.077	
		0.562	-0.296	-1.122	0.321	
		0.780	-0.173	-0.353	-0.706	
		-0.621	0.149	-0.053	0.353	
		0.422	-0.440	-0.743	0.407	
		-0.085	-0.153	-0.164	0.340	
		0.487	-0.043	-0.065	-0.574	
		-0.178	-0.044	-0.265	0.394	
		0.558	-0.720	-0.171	0.045	
		0.238	-0.693	-0.660	0.650	
		0.632	0.090	-0.785	-0.312	
		-0.192	-0.039	-0.249	0.389	
		0.248	-0.626	-0.295	0.432	
		-0.087	0.061	-0.897	0.564	
		0.502	-0.192	-0.085	-0.386	
		-0.920	0.208	-0.271	0.573	
		0.621	-0.129	-0.313	-0.431	
		0.143	-0.046	-0.581	0.332	
		0.260	0.649	-0.673	-0.718	
		-0.041	0.421	-0.268	-0.220	
		0.357	-0.097	-0.674	0.211	
		-0.092	-0.176	-0.344	0.474	
		-0.175	0.596	-0.076	-0.613	
		-0.540	0.494	-0.837	0.427	
		-0.061	0.155	0.025	-0.136	
		-0.329	-0.033	-0.490	0.598	
		-0.094	0.828	-0.916	-0.399	
		-0.749	0.482	-0.299	0.258	
		-0.040	-0.032	-0.295	0.303	
		0.091	0.241	-0.778	0.227	
		0.100	0.585	-0.566	-0.411	
		-0.849	0.576	-0.709	0.425	
		0.415	-0.508	0.203	-0.300	
		0.149	-0.009	-0.009	-0.146	
		0.164	0.007	0.386	-0.817	
		-1.053	0.159	-0.148	0.584	
		0.182	-0.089	-0.085	-0.024	
		0.148	-0.500	-0.146	0.358	
		0.021	0.011	0.348	-0.504	
		-0.292	0.087	0.000	0.164	
		0.539	-0.563	0.046	-0.256	
		0.339	-0.386	-0.517	0.345	
		0.557	0.075	-0.542	-0.342	
		-0.997	0.035	0.003	0.559	
		-0.135	-0.120	0.091	0.143	
		0.088	0.156	-0.855	0.345	
		-0.027	-0.117	0.506	-0.565	
		-1.569	0.460	-0.163	0.479	
		0.733	-0.181	-0.503	-0.415	
		0.457	0.127	-1.128	0.108	
		0.447	0.235	-0.572	-0.344	
		-0.954	0.746	-0.528	0.154	
		0.293	0.008	-0.611	0.157	
		0.135	-0.334	-0.590	0.530	
		0.111	0.054	-0.226	0.039	
		-0.820	0.445	-0.267	0.311	
		0.484	-0.123	-0.482	-0.047	
		-0.196	0.017	-0.490	0.489	
		0.232	0.298	-0.970	0.118	
		-0.337	0.381	-0.391	0.194	
		0.277	-0.399	-0.335	0.307	
		0.089	0.044	-0.492	0.256	
		0.188	-0.162	0.122	-0.185	
		-0.867	0.465	-0.393	0.389	
		.	.	.	.	
		.	.	.	.	
		.	.	.	.	
		.	.	.	.	
		0.480	-0.112	-0.487	-0.049	
		0.057	-0.668	-0.656	0.762	
		0.595	-0.094	-0.493	-0.248	
		-0.744	-0.022	-0.356	0.711	
		.	.	.	.	
		.	.	.	.	
		.	.	.	.	
		.	.	.	.	
		0.564	-0.514	-0.546	0.184	
		-0.081	-0.217	-0.300	0.467	
		0.470	0.040	-0.230	-0.446	
		-0.867	-0.007	-1.230	1.022	
		0.400	-0.156	0.133	-0.543	
		0.330	-0.014	-0.407	-0.003	
		0.234	-0.032	-0.347	0.084	
		-1.260	0.632	0.056	-0.010	
		0.313	-0.148	-0.321	0.077	
		0.076	0.167	-0.842	0.339	
		0.139	0.152	-0.021	-0.318	
		-0.754	0.744	-0.858	0.239	
		-0.372	0.457	-0.274	0.039	
		0.059	0.341	-0.578	0.031	
		-0.002	0.491	-0.479	-0.186	
		-2.251	1.249	-0.716	-0.314	
		-0.118	-0.138	0.126	0.109	
		0.402	0.129	-0.861	0.049	
		0.416	-0.116	0.154	-0.667	
		-1.807	0.505	-0.578	0.701	
		.	.	.	.	
		.	.	.	.	
		.	.	.	.	
		.	.	.	.	
		0.279	-0.342	0.033	-0.038	
		-0.020	-0.435	0.123	0.245	
		0.269	0.146	0.062	-0.634	
		-0.421	0.494	-0.186	-0.051	
		0.395	-0.382	-0.163	0.035	
		0.004	-0.113	-0.403	0.397	
		0.310	0.096	-0.532	0.000	
		-0.605	-0.007	-0.020	0.444	
		-0.096	0.283	-0.060	-0.170	
		-0.267	-0.140	0.022	0.317	
		0.135	-0.268	0.534	-0.680	
		-0.936	0.632	0.013	-0.122	
		0.345	-0.329	-0.198	0.086	
		0.725	-0.032	-1.726	0.093	
		0.593	0.347	-0.793	-0.638	
		-0.849	0.086	-0.352	0.678	
		0.446	-0.144	-0.456	0.005	
		-0.028	-0.168	-0.702	0.599	
		0.554	-0.176	-0.312	-0.249	
		-0.740	0.282	-0.119	0.339	
		0.486	-0.919	-0.226	0.281	
		0.588	0.045	-1.243	0.060	
		0.547	0.174	-0.832	-0.235	
		-1.050	0.486	-1.021	0.699	
		-0.054	-0.228	-0.380	0.500	
		0.231	0.075	-1.034	0.362	
		0.229	-0.249	0.132	-0.167	
		-0.622	0.612	-0.594	0.213	

Donor SDT 2 0 4 2 0.000
	GT WMM 9 3 4 0 0.000
		0.353	0.545	-0.123	-1.532	
		1.215	-0.817	-1.103	-0.632	
		-1.159	-1.773	1.528	-1.416	
		-8.817	-8.817	1.998	-8.817	
		-8.817	-8.817	-8.817	1.998	
		1.240	-1.477	-0.184	-1.325	
		0.938	-0.455	-1.195	-0.123	
		-0.522	-1.358	1.152	-0.532	
		-0.395	-0.141	-0.784	0.809	
	NN TRM 0 0 0 0 0.000

Inter LUT 5 4 4 0 0.000
	0.799	-0.772	-0.722	0.095	
	0.687	-0.374	-1.131	0.216	
	0.450	-0.466	-0.244	0.091	
	0.414	-0.486	-0.580	0.361	
	0.639	-0.442	-0.620	0.079	
	0.420	-0.168	-0.383	0.007	
	0.405	-0.214	-0.193	-0.091	
	0.314	-0.459	-0.373	0.331	
	0.507	-0.820	-0.205	0.195	
	0.442	-0.142	-1.142	0.359	
	0.374	-0.012	-0.338	-0.118	
	-0.160	-0.381	-0.138	0.514	
	0.435	-0.791	-0.578	0.486	
	0.496	-0.255	-1.237	0.409	
	0.187	-0.328	-0.214	0.266	
	0.151	-0.696	-0.423	0.611	
	0.597	-0.385	-0.164	-0.270	
	0.565	-0.148	-0.620	-0.048	
	0.132	-0.111	-0.186	0.136	
	0.209	-0.435	0.200	-0.065	
	0.347	-0.065	-0.492	0.086	
	0.372	-0.198	-0.575	0.218	
	-0.100	0.023	0.066	0.005	
	-0.039	0.100	-0.126	0.055	
	0.281	-0.101	0.052	-0.293	
	0.251	0.080	-0.138	-0.245	
	0.116	0.182	-0.270	-0.071	
	0.010	-0.017	0.253	-0.297	
	0.319	-0.285	-0.080	-0.020	
	0.066	0.133	-0.509	0.207	
	0.052	0.058	-0.426	0.237	
	-0.538	-0.250	0.034	0.532	
	0.699	-0.636	-0.129	-0.288	
	0.492	-0.286	-0.345	-0.021	
	0.527	-0.213	-0.138	-0.345	
	-0.026	-0.394	0.042	0.296	
	0.401	-0.157	-0.198	-0.135	
	0.366	0.097	-0.549	-0.061	
	0.092	0.078	-0.082	-0.099	
	0.084	-0.099	-0.124	0.123	
	0.321	-0.696	0.359	-0.233	
	0.274	0.169	-0.545	-0.027	
	0.293	-0.163	0.004	-0.187	
	-0.189	-0.343	0.285	0.158	
	0.038	-0.170	-0.084	0.190	
	0.308	0.002	-0.792	0.243	
	0.139	-0.214	-0.137	0.173	
	-0.250	-0.399	-0.191	0.608	
	0.745	-0.825	-0.870	0.278	
	0.590	-0.511	-0.992	0.368	
	0.450	-0.297	-0.509	0.160	
	0.780	-1.074	-0.445	0.102	
	0.368	-0.460	-0.374	0.275	
	0.571	-0.374	-0.780	0.215	
	0.428	-0.187	-0.165	-0.177	
	0.180	-0.232	-0.223	0.213	
	0.386	-0.665	-0.208	0.260	
	0.726	-0.536	-1.103	0.252	
	0.478	-0.306	-0.510	0.132	
	0.134	-0.639	0.089	0.260	
	0.303	-0.697	-0.396	0.474	
	0.380	-0.377	-0.764	0.421	
	0.212	-0.475	-0.291	0.384	
	-0.156	-0.645	-0.113	0.622	
	0.547	-0.314	-0.515	0.050	
	0.564	-0.169	-0.782	0.071	
	0.184	-0.125	-0.097	0.017	
	0.094	-0.238	-0.233	0.303	
	0.194	-0.137	-0.307	0.187	
	0.342	-0.322	-0.151	0.046	
	0.025	0.065	-0.016	-0.079	
	-0.174	-0.003	-0.010	0.167	
	0.122	-0.408	0.119	0.100	
	0.331	0.054	-0.618	0.074	
	0.100	-0.019	-0.104	0.015	
	0.044	-0.230	0.011	0.150	
	0.066	-0.460	-0.380	0.544	
	0.337	-0.168	-0.571	0.232	
	0.050	-0.135	-0.233	0.267	
	-0.301	-0.388	-0.052	0.545	
	0.557	-0.230	-0.292	-0.218	
	0.172	0.316	-0.372	-0.225	
	-0.115	0.371	-0.299	-0.044	
	-0.184	0.029	0.130	0.007	
	0.246	0.124	-0.432	-0.026	
	0.011	0.293	-0.487	0.074	
	-0.439	0.452	-0.156	-0.006	
	-0.289	0.389	-0.324	0.102	
	-0.131	0.032	0.184	-0.108	
	-0.461	0.752	-0.294	-0.370	
	-0.355	0.514	-0.579	0.164	
	-0.722	0.270	0.237	0.014	
	0.138	-0.417	0.124	0.085	
	-0.305	0.432	-0.509	0.188	
	-0.215	0.325	-0.312	0.112	
	-0.538	-0.127	0.202	0.316	
	0.247	-0.186	-0.180	0.073	
	-0.143	0.046	0.247	-0.191	
	0.070	0.114	0.104	-0.334	
	-0.744	0.248	0.346	-0.083	
	-0.062	0.125	-0.029	-0.041	
	-0.114	-0.228	0.522	-0.347	
	-0.394	0.515	0.056	-0.377	
	-0.406	0.136	0.354	-0.203	
	-0.074	-0.171	0.289	-0.090	
	-0.237	0.202	0.369	-0.495	
	-0.156	0.251	0.078	-0.223	
	-0.789	-0.152	0.509	0.135	
	-0.528	0.386	-0.169	0.152	
	-0.223	0.049	0.205	-0.066	
	-0.295	0.178	0.049	0.028	
	-0.858	-0.140	0.077	0.572	
	0.717	-0.443	-0.862	0.098	
	0.281	-0.222	-0.708	0.395	
	0.162	-0.018	-0.280	0.097	
	0.431	-0.532	-0.264	0.172	
	0.306	-0.103	-0.555	0.204	
	0.226	-0.040	-0.702	0.314	
	-0.002	0.159	-0.327	0.121	
	-0.245	0.518	-0.462	-0.003	
	0.396	-0.369	-0.329	0.155	
	0.236	-0.045	-0.818	0.363	
	0.056	0.082	-0.232	0.071	
	-0.029	-0.320	-0.086	0.353	
	0.247	-0.629	-0.256	0.411	
	0.155	-0.015	-0.927	0.455	
	-0.191	-0.046	-0.260	0.401	
	-0.371	-0.271	-0.120	0.563	
	0.635	-0.406	-0.418	-0.082	
	0.342	-0.019	-0.695	0.173	
	0.438	-0.178	-0.174	-0.194	
	0.039	-0.162	-0.287	0.332	
	0.454	-0.270	-0.399	0.060	
	0.405	-0.195	-0.383	0.050	
	0.430	-0.111	-0.007	-0.451	
	0.122	-0.186	-0.236	0.244	
	0.292	-0.731	0.329	-0.126	
	0.488	-0.183	-0.513	0.022	
	0.397	-0.167	-0.097	-0.222	
	0.203	-0.643	0.002	0.272	
	0.356	-0.548	-0.422	0.367	
	0.245	-0.117	-0.502	0.248	
	0.314	-0.345	-0.198	0.135	
	-0.188	-0.237	-0.282	0.537	
	0.558	-0.357	-0.193	-0.197	
	0.324	0.026	-0.282	-0.140	
	-0.117	0.309	-0.127	-0.115	
	-0.194	-0.207	0.344	-0.014	
	0.052	0.106	-0.403	0.177	
	0.378	-0.185	-0.424	0.105	
	-0.376	0.506	-0.101	-0.189	
	-0.341	0.093	-0.024	0.215	
	-0.033	-0.024	0.315	-0.332	
	-0.356	0.188	0.285	-0.216	
	-0.341	0.646	-0.095	-0.494	
	-0.678	0.148	0.527	-0.277	
	-0.066	-0.158	0.174	0.029	
	-0.083	0.206	-0.395	0.191	
	-0.137	0.399	-0.260	-0.094	
	-0.327	-0.134	0.171	0.221	
	0.432	-0.389	0.061	-0.244	
	0.190	0.012	-0.069	-0.155	
	0.194	-0.251	0.211	-0.220	
	-0.285	-0.153	0.224	0.154	
	0.245	-0.173	0.042	-0.155	
	0.121	-0.118	-0.114	0.094	
	-0.118	-0.040	0.409	-0.362	
	-0.171	0.116	-0.033	0.071	
	0.220	-0.691	0.479	-0.282	
	0.071	0.177	-0.166	-0.108	
	0.133	-0.045	0.213	-0.367	
	-0.424	-0.245	0.287	0.251	
	0.094	-0.338	0.096	0.101	
	0.248	-0.131	-0.226	0.062	
	0.018	-0.088	0.176	-0.124	
	-0.420	-0.303	0.063	0.483	
	0.555	-0.286	-0.796	0.182	
	0.431	-0.637	-0.424	0.338	
	0.113	-0.033	-0.364	0.219	
	0.361	-0.783	-0.021	0.200	
	0.284	-0.173	-0.584	0.297	
	0.496	-0.341	-0.506	0.133	
	-0.206	0.085	-0.202	0.267	
	-0.046	0.105	-0.196	0.115	
	0.254	-0.399	-0.263	0.282	
	0.297	-0.092	-0.659	0.262	
	0.153	0.105	-0.208	-0.080	
	-0.306	-0.437	0.293	0.295	
	0.154	-0.472	-0.193	0.369	
	0.299	-0.078	-0.470	0.138	
	-0.063	-0.228	-0.120	0.344	
	-0.183	-0.639	0.065	0.516	
	0.551	-0.599	-0.788	0.374	
	0.446	-0.464	-1.362	0.608	
	0.291	-0.252	-0.245	0.128	
	0.213	-0.751	-0.469	0.608	
	0.370	-0.512	-0.470	0.361	
	0.599	-0.480	-0.532	0.106	
	-0.024	-0.333	-0.170	0.416	
	0.227	-0.260	-0.339	0.268	
	0.241	-0.412	-0.201	0.259	
	0.411	-0.355	-0.913	0.440	
	0.177	-0.148	-0.205	0.136	
	0.135	-0.730	-0.321	0.584	
	0.013	-0.970	-0.730	0.909	
	0.316	-0.276	-1.170	0.571	
	0.093	-0.324	-0.364	0.441	
	-0.040	-0.832	-0.578	0.844	
	0.636	-0.507	-0.367	-0.049	
	0.391	0.033	-0.710	0.077	
	-0.003	-0.007	-0.282	0.244	
	-0.057	-0.024	-0.020	0.096	
	0.343	-0.154	-0.667	0.267	
	0.077	0.130	-0.757	0.333	
	0.070	-0.080	-0.210	0.189	
	-0.395	0.344	-0.252	0.177	
	0.043	-0.130	-0.231	0.267	
	-0.229	0.327	-0.172	0.008	
	-0.094	0.155	-0.227	0.132	
	-0.563	0.378	-0.139	0.158	
	0.106	-0.591	-0.194	0.470	
	-0.159	-0.069	-0.748	0.638	
	-0.026	0.022	-0.364	0.293	
	-0.535	-0.017	-0.213	0.545	
	0.452	-0.421	-0.223	0.041	
	0.428	-0.125	-0.714	0.173	
	0.352	-0.217	-0.267	0.046	
	-0.182	-0.240	0.155	0.213	
	0.127	-0.272	-0.254	0.311	
	0.310	-0.221	-0.313	0.135	
	-0.105	0.102	0.113	-0.128	
	-0.069	-0.207	0.106	0.143	
	0.126	-0.478	0.124	0.139	
	0.219	0.066	-0.631	0.193	
	0.121	0.082	-0.279	0.043	
	-0.220	-0.504	0.185	0.377	
	0.092	-0.253	-0.338	0.383	
	0.337	-0.208	-0.657	0.306	
	-0.086	-0.118	-0.230	0.361	
	-0.594	-0.340	-0.035	0.652	
	0.578	-0.777	-0.692	0.383	
	0.583	-0.202	-1.365	0.315	
	0.211	-0.327	-0.436	0.386	
	0.203	-0.680	-0.556	0.627	
	0.200	-0.464	-0.267	0.374	
	0.230	-0.111	-0.901	0.450	
	0.046	-0.230	-0.454	0.469	
	-0.081	-0.136	-0.463	0.505	
	0.349	-0.556	-0.234	0.258	
	0.368	-0.056	-1.132	0.369	
	0.276	-0.307	-0.296	0.221	
	-0.046	-0.441	-0.263	0.547	
	0.058	-0.797	-0.172	0.581	
	0.311	-0.309	-0.860	0.487	
	0.140	-0.376	-0.084	0.244	
	-0.362	-0.634	-0.320	0.829	

Intron LUT 5 4 4 0 0.000
	0.725	-0.728	-0.629	0.133	
	0.606	-0.415	-1.453	0.446	
	0.417	-0.435	-0.336	0.180	
	0.297	-0.605	-0.232	0.337	
	0.605	-0.530	-0.518	0.122	
	0.487	-0.273	-1.045	0.363	
	0.374	-0.338	-0.131	-0.001	
	0.197	-0.574	-0.226	0.408	
	0.558	-0.768	-0.299	0.173	
	0.624	-0.316	-1.314	0.325	
	0.248	-0.136	-0.539	0.280	
	0.009	-0.617	-0.166	0.537	
	0.326	-0.590	-0.657	0.535	
	0.416	-0.326	-1.365	0.565	
	0.042	-0.128	-0.236	0.271	
	-0.029	-0.626	-0.287	0.634	
	0.463	-0.445	-0.145	-0.024	
	0.512	-0.140	-1.170	0.289	
	0.161	-0.383	-0.116	0.254	
	0.047	-0.531	0.190	0.182	
	0.259	-0.139	-0.331	0.137	
	0.410	-0.114	-0.909	0.281	
	0.100	-0.014	-0.073	-0.020	
	-0.106	-0.269	-0.046	0.347	
	0.281	-0.177	0.090	-0.258	
	0.022	0.262	-0.284	-0.052	
	-0.009	0.062	-0.395	0.265	
	0.002	-0.133	0.151	-0.034	
	0.261	-0.350	-0.211	0.206	
	0.097	0.078	-0.858	0.404	
	0.150	-0.164	-0.364	0.287	
	-0.390	-0.348	0.138	0.434	
	0.572	-0.707	-0.086	-0.061	
	0.521	-0.297	-0.527	0.081	
	0.368	-0.208	-0.075	-0.162	
	-0.057	-0.468	0.134	0.286	
	0.279	-0.381	-0.192	0.193	
	0.375	-0.361	-0.628	0.353	
	0.083	-0.035	-0.035	-0.018	
	-0.029	-0.273	0.006	0.248	
	0.269	-0.674	0.105	0.129	
	0.292	0.044	-0.920	0.283	
	0.268	-0.212	-0.123	0.020	
	0.231	-0.673	0.033	0.234	
	0.033	-0.262	-0.212	0.355	
	0.314	-0.100	-1.092	0.439	
	0.077	-0.082	-0.185	0.165	
	-0.342	-0.335	-0.127	0.587	
	0.550	-0.673	-0.601	0.321	
	0.544	-0.417	-1.334	0.481	
	0.339	-0.381	-0.299	0.207	
	0.478	-0.911	-0.224	0.286	
	0.200	-0.412	-0.333	0.384	
	0.493	-0.391	-0.941	0.388	
	0.537	-0.454	-0.414	0.095	
	-0.135	-0.340	-0.128	0.469	
	0.312	-0.428	-0.471	0.372	
	0.727	-0.532	-1.497	0.377	
	0.355	-0.291	-0.507	0.263	
	0.015	-0.669	-0.004	0.447	
	0.087	-0.549	-0.324	0.542	
	0.392	-0.404	-1.140	0.564	
	0.082	-0.211	-0.288	0.332	
	-0.221	-0.518	-0.048	0.562	
	0.417	-0.345	-0.499	0.227	
	0.564	-0.174	-1.240	0.277	
	0.113	-0.258	-0.002	0.116	
	-0.053	-0.287	-0.050	0.323	
	0.209	-0.285	-0.377	0.325	
	0.501	-0.308	-0.489	0.090	
	0.151	-0.006	-0.037	-0.122	
	-0.098	-0.375	0.099	0.291	
	0.347	-0.616	-0.081	0.176	
	0.453	-0.195	-0.918	0.297	
	0.038	-0.312	-0.177	0.359	
	-0.045	-0.569	0.001	0.440	
	0.051	-0.577	-0.454	0.645	
	0.391	-0.373	-0.836	0.440	
	-0.072	-0.081	-0.193	0.297	
	-0.399	-0.450	-0.116	0.666	
	0.571	-0.393	-0.280	-0.106	
	0.177	0.364	-0.829	0.028	
	-0.045	0.134	-0.224	0.107	
	-0.296	-0.078	0.113	0.210	
	0.230	-0.092	-0.364	0.153	
	0.059	0.103	-0.638	0.312	
	-0.125	0.190	-0.001	-0.084	
	-0.369	0.137	-0.163	0.302	
	-0.166	0.140	0.046	-0.039	
	-0.292	0.623	-0.154	-0.426	
	-0.398	0.492	-0.424	0.124	
	-0.344	0.139	0.191	-0.044	
	0.184	-0.293	-0.045	0.110	
	-0.093	0.209	-0.602	0.320	
	0.039	0.072	-0.371	0.199	
	-0.490	-0.171	0.121	0.392	
	0.362	-0.270	-0.255	0.067	
	0.015	-0.059	0.141	-0.110	
	0.139	0.036	0.069	-0.278	
	-0.648	0.085	0.279	0.122	
	0.026	-0.039	0.085	-0.078	
	-0.089	-0.421	0.574	-0.279	
	-0.418	0.418	0.066	-0.203	
	-0.494	0.082	0.317	-0.021	
	-0.239	-0.358	0.287	0.205	
	-0.173	0.107	0.303	-0.318	
	-0.130	0.092	0.037	-0.008	
	-0.236	-0.246	0.379	0.009	
	-0.153	0.116	-0.141	0.150	
	-0.088	-0.167	0.248	-0.028	
	-0.159	0.093	0.028	0.026	
	-0.712	-0.149	0.036	0.548	
	0.452	-0.523	-0.530	0.314	
	0.299	-0.277	-1.098	0.563	
	0.076	-0.118	-0.297	0.275	
	0.059	-0.530	-0.073	0.394	
	0.267	-0.242	-0.388	0.247	
	0.386	-0.220	-0.895	0.375	
	-0.109	0.095	-0.163	0.152	
	-0.257	-0.007	-0.121	0.320	
	0.403	-0.500	-0.567	0.373	
	0.510	-0.307	-1.078	0.372	
	0.127	-0.313	-0.353	0.401	
	-0.047	-0.538	-0.080	0.483	
	0.084	-0.361	-0.366	0.471	
	0.191	-0.109	-1.079	0.544	
	-0.016	-0.231	-0.244	0.394	
	-0.456	-0.362	-0.118	0.652	
	0.535	-0.512	-0.497	0.191	
	0.468	-0.268	-1.087	0.396	
	0.261	-0.193	-0.033	-0.074	
	-0.057	-0.328	-0.174	0.439	
	0.348	-0.376	-0.384	0.251	
	0.455	-0.297	-0.594	0.206	
	0.410	-0.174	-0.053	-0.284	
	-0.030	-0.420	-0.001	0.349	
	0.356	-0.628	0.042	0.062	
	0.441	-0.195	-0.853	0.281	
	0.273	-0.300	-0.172	0.127	
	0.088	-0.525	-0.110	0.396	
	0.253	-0.499	-0.403	0.427	
	0.307	-0.257	-0.741	0.408	
	0.305	-0.274	-0.197	0.091	
	-0.387	-0.231	-0.267	0.635	
	0.337	-0.307	-0.118	0.010	
	0.329	-0.059	-0.615	0.178	
	-0.118	0.215	-0.085	-0.037	
	-0.175	-0.319	0.250	0.168	
	0.174	-0.055	-0.407	0.208	
	0.399	-0.291	-0.399	0.144	
	-0.350	0.366	0.034	-0.148	
	-0.304	-0.057	-0.080	0.359	
	-0.053	-0.067	0.120	-0.008	
	-0.095	0.334	-0.202	-0.098	
	-0.469	0.544	-0.108	-0.167	
	-0.554	0.114	0.337	-0.039	
	-0.023	-0.274	0.016	0.236	
	0.109	0.091	-0.619	0.269	
	0.025	0.160	-0.370	0.126	
	-0.398	-0.086	0.197	0.205	
	0.391	-0.395	-0.041	-0.065	
	0.371	-0.227	-0.382	0.118	
	0.144	-0.216	0.195	-0.169	
	-0.178	-0.353	0.210	0.234	
	0.127	-0.324	0.001	0.149	
	0.232	-0.339	-0.251	0.257	
	-0.292	0.118	0.395	-0.353	
	-0.221	-0.207	0.188	0.185	
	0.167	-0.461	0.182	0.024	
	0.181	-0.050	-0.447	0.223	
	0.115	-0.114	0.182	-0.220	
	-0.151	-0.552	0.193	0.350	
	0.210	-0.257	-0.200	0.184	
	0.309	-0.191	-0.488	0.229	
	0.039	-0.151	0.161	-0.068	
	-0.364	-0.294	-0.042	0.522	
	0.359	-0.311	-0.302	0.138	
	0.401	-0.586	-0.779	0.517	
	0.040	-0.127	-0.243	0.276	
	-0.090	-0.516	0.096	0.370	
	0.300	-0.470	-0.343	0.332	
	0.443	-0.272	-0.725	0.272	
	-0.127	-0.058	-0.118	0.265	
	-0.139	-0.130	-0.103	0.318	
	0.243	-0.397	-0.216	0.258	
	0.333	-0.234	-0.894	0.435	
	0.150	-0.069	-0.348	0.203	
	-0.262	-0.473	0.178	0.394	
	-0.071	-0.276	-0.159	0.408	
	0.323	-0.196	-1.025	0.469	
	-0.078	-0.126	-0.153	0.306	
	-0.347	-0.295	0.019	0.470	
	0.499	-0.416	-0.704	0.291	
	0.362	-0.354	-1.777	0.715	
	0.170	-0.311	-0.349	0.360	
	0.045	-0.679	-0.270	0.598	
	0.262	-0.590	-0.283	0.395	
	0.456	-0.474	-1.138	0.540	
	0.100	-0.509	-0.072	0.350	
	0.038	-0.501	-0.116	0.427	
	0.305	-0.597	-0.300	0.369	
	0.442	-0.396	-1.383	0.583	
	0.283	-0.229	-0.318	0.174	
	0.088	-0.837	-0.213	0.599	
	-0.084	-0.860	-0.675	0.910	
	0.474	-0.393	-1.605	0.605	
	0.035	-0.245	-0.358	0.434	
	-0.132	-0.757	-0.401	0.798	
	0.552	-0.492	-0.243	-0.031	
	0.446	-0.114	-1.014	0.285	
	-0.012	-0.135	-0.257	0.334	
	-0.223	-0.183	0.075	0.274	
	0.257	-0.425	-0.375	0.367	
	0.249	-0.016	-1.111	0.444	
	0.023	-0.108	-0.148	0.206	
	-0.344	-0.020	-0.084	0.359	
	0.051	-0.191	-0.245	0.315	
	-0.147	0.339	-0.412	0.112	
	-0.025	0.175	-0.324	0.123	
	-0.588	0.264	0.043	0.142	
	0.058	-0.312	-0.210	0.366	
	-0.016	-0.037	-0.948	0.602	
	0.100	-0.072	-0.438	0.309	
	-0.541	-0.157	-0.076	0.553	
	0.425	-0.479	-0.230	0.121	
	0.551	-0.406	-0.962	0.342	
	0.165	-0.133	-0.151	0.093	
	-0.208	-0.525	0.226	0.345	
	0.042	-0.520	-0.058	0.392	
	0.425	-0.330	-0.674	0.305	
	-0.176	-0.036	-0.077	0.253	
	-0.136	-0.373	0.116	0.303	
	0.214	-0.538	-0.029	0.228	
	0.371	-0.131	-0.986	0.366	
	0.194	-0.076	-0.335	0.157	
	-0.167	-0.476	0.170	0.339	
	0.105	-0.368	-0.207	0.359	
	0.401	-0.143	-1.029	0.360	
	0.001	-0.162	-0.234	0.328	
	-0.465	-0.463	-0.129	0.709	
	0.410	-0.599	-0.573	0.421	
	0.461	-0.280	-1.635	0.564	
	0.045	-0.399	-0.341	0.506	
	-0.035	-0.637	-0.267	0.632	
	0.058	-0.487	-0.187	0.452	
	0.373	-0.346	-1.381	0.617	
	0.106	-0.421	-0.377	0.493	
	-0.205	-0.300	-0.181	0.524	
	0.215	-0.478	-0.317	0.399	
	0.563	-0.579	-1.488	0.582	
	0.254	-0.298	-0.443	0.332	
	-0.178	-0.597	-0.182	0.654	
	-0.007	-0.580	-0.204	0.553	
	0.287	-0.252	-1.346	0.630	
	-0.066	-0.375	-0.106	0.427	
	-0.354	-0.457	-0.247	0.719	

Start SDT 3 0 4 2 0.000
	ATG WMM 12 6 4 0 0.000
		0.114	-0.245	0.476	-0.551	
		-0.348	0.622	-0.059	-0.484	
		0.336	0.181	0.164	-1.050	
		0.351	-0.693	0.634	-0.852	
		0.025	0.851	-0.433	-1.191	
		-0.223	0.749	0.268	-1.957	
		1.993	-7.278	-7.278	-7.278	
		-7.278	-7.278	-7.278	1.993	
		-7.278	-7.278	1.993	-7.278	
		-0.803	-1.012	1.383	-1.635	
		-0.119	1.007	-0.635	-1.234	
		-1.012	0.181	0.628	-0.278	
	NNN TRM 0 0 0 0 0.000

Stop SDT 3 0 4 4 0.000
	TAA WMM 9 6 4 0 0.000
		0.567	-0.219	0.281	-1.170	
		0.349	-0.322	-0.123	0.011	
		-0.376	0.349	0.093	-0.170	
		-0.269	0.349	0.171	-0.376	
		0.447	-0.219	-0.617	0.171	
		-0.170	0.447	-0.322	-0.077	
		-5.077	-5.077	-5.077	1.968	
		1.968	-5.077	-5.077	-5.077	
		1.968	-5.077	-5.077	-5.077	
	TAG WMM 9 6 4 0 0.000
		0.297	-0.240	0.427	-0.784	
		0.041	-0.212	-0.158	0.277	
		-0.959	0.427	0.716	-1.006	
		0.041	-0.106	-0.328	0.316	
		0.409	-0.421	-0.132	0.018	
		-0.627	0.894	-0.080	-0.868	
		-5.913	-5.913	-5.913	1.982	
		1.982	-5.913	-5.913	-5.913	
		-5.913	-5.913	1.982	-5.913	
	TGA WMM 9 6 4 0 0.000
		-0.112	-0.112	0.272	-0.087	
		0.006	0.465	-0.187	-0.440	
		-0.322	0.093	0.234	-0.064	
		0.155	-0.087	0.028	-0.112	
		0.072	0.345	-0.350	-0.161	
		-0.187	0.529	-0.087	-0.440	
		-5.994	-5.994	-5.994	1.983	
		-5.994	-5.994	1.983	-5.994	
		1.983	-5.994	-5.994	-5.994	
	NNN TRM 0 0 0 0 0.000

